1,1,649,231,44,86,1,-1,-1,-1
1,2,252,207,35,96,1,-1,-1,-1
1,3,499,156,33,76,1,-1,-1,-1
2,1,633,245,42,78,1,-1,-1,-1
2,2,251,221,42,82,1,-1,-1,-1
2,3,498,153,30,79,1,-1,-1,-1
3,1,624,250,35,71,1,-1,-1,-1
3,2,255,216,44,86,1,-1,-1,-1
3,3,497,156,30,80,1,-1,-1,-1
4,1,611,242,38,74,1,-1,-1,-1
4,2,269,214,40,88,1,-1,-1,-1
4,3,491,156,33,79,1,-1,-1,-1
5,1,600,239,46,83,1,-1,-1,-1
5,2,281,204,39,93,1,-1,-1,-1
5,3,486,154,35,88,1,-1,-1,-1
6,1,595,236,47,89,1,-1,-1,-1
6,2,283,200,37,91,1,-1,-1,-1
6,3,483,157,34,82,1,-1,-1,-1
7,1,586,238,42,82,1,-1,-1,-1
7,2,288,202,38,92,1,-1,-1,-1
7,3,475,155,44,90,1,-1,-1,-1
8,1,577,238,41,80,1,-1,-1,-1
8,2,295,203,39,92,1,-1,-1,-1
8,3,475,160,39,83,1,-1,-1,-1
9,1,568,238,39,80,1,-1,-1,-1
9,2,294,202,40,91,1,-1,-1,-1
9,3,469,161,35,79,1,-1,-1,-1
10,1,558,233,49,89,1,-1,-1,-1
10,2,300,204,39,91,1,-1,-1,-1
10,3,466,163,36,76,1,-1,-1,-1
11,1,545,235,44,84,1,-1,-1,-1
11,2,302,198,48,102,1,-1,-1,-1
11,3,466,166,35,75,1,-1,-1,-1
12,1,534,239,41,79,1,-1,-1,-1
12,2,309,199,51,97,1,-1,-1,-1
12,3,460,168,34,76,1,-1,-1,-1
13,1,521,235,45,86,1,-1,-1,-1
13,2,321,198,47,90,1,-1,-1,-1
13,3,457,171,33,75,1,-1,-1,-1
14,1,511,234,45,85,1,-1,-1,-1
14,2,330,199,38,80,1,-1,-1,-1
14,3,451,174,32,77,1,-1,-1,-1
15,1,502,236,40,79,1,-1,-1,-1
15,2,334,198,37,77,1,-1,-1,-1
15,3,444,172,32,77,1,-1,-1,-1
15,4,719,284,44,124,1,-1,-1,-1
16,1,492,233,34,74,1,-1,-1,-1
16,2,340,197,37,78,1,-1,-1,-1
16,3,435,169,34,78,1,-1,-1,-1
16,4,712,276,50,131,1,-1,-1,-1
17,1,483,234,40,83,1,-1,-1,-1
17,2,339,199,42,86,1,-1,-1,-1
17,3,429,168,37,80,1,-1,-1,-1
17,4,709,272,52,129,1,-1,-1,-1
18,1,469,233,39,78,1,-1,-1,-1
18,2,345,184,46,100,1,-1,-1,-1
18,3,425,170,35,73,1,-1,-1,-1
18,4,704,270,47,118,1,-1,-1,-1
19,1,458,233,38,80,1,-1,-1,-1
19,2,348,187,44,92,1,-1,-1,-1
19,4,699,274,46,111,1,-1,-1,-1
20,1,450,231,39,82,1,-1,-1,-1
20,2,352,188,45,87,1,-1,-1,-1
20,4,692,272,42,104,1,-1,-1,-1
21,1,439,231,38,80,1,-1,-1,-1
21,2,353,188,47,88,1,-1,-1,-1
21,4,684,263,43,107,1,-1,-1,-1
21,5,726,267,37,103,1,-1,-1,-1
22,1,427,228,42,89,1,-1,-1,-1
22,2,359,189,45,83,1,-1,-1,-1
22,4,676,264,42,106,1,-1,-1,-1
22,5,725,267,36,100,1,-1,-1,-1
23,1,421,228,38,83,1,-1,-1,-1
23,2,362,192,40,79,1,-1,-1,-1
23,4,670,266,42,105,1,-1,-1,-1
23,5,717,268,37,101,1,-1,-1,-1
24,1,409,201,46,111,1,-1,-1,-1
24,2,363,191,36,75,1,-1,-1,-1
24,4,664,263,45,107,1,-1,-1,-1
25,1,400,183,50,130,1,-1,-1,-1
25,4,657,258,43,109,1,-1,-1,-1
26,1,400,176,45,126,1,-1,-1,-1
26,4,650,254,43,109,1,-1,-1,-1
26,6,689,261,39,102,1,-1,-1,-1
27,1,399,171,41,125,1,-1,-1,-1
27,4,647,256,41,102,1,-1,-1,-1
27,6,689,257,37,103,1,-1,-1,-1
27,7,372,180,34,94,1,-1,-1,-1
28,1,395,165,43,136,1,-1,-1,-1
28,4,643,257,38,97,1,-1,-1,-1
28,7,368,179,34,95,1,-1,-1,-1
29,1,395,169,46,134,1,-1,-1,-1
29,4,634,251,44,106,1,-1,-1,-1
29,7,372,173,35,97,1,-1,-1,-1
30,4,626,248,42,104,1,-1,-1,-1
30,7,374,171,35,99,1,-1,-1,-1
31,4,622,249,41,100,1,-1,-1,-1
31,6,664,246,37,98,1,-1,-1,-1
31,7,374,171,34,101,1,-1,-1,-1
32,4,619,251,37,95,1,-1,-1,-1
32,6,660,250,34,94,1,-1,-1,-1
32,7,375,172,33,101,1,-1,-1,-1
33,1,396,178,41,114,1,-1,-1,-1
33,4,612,248,41,104,1,-1,-1,-1
33,6,651,251,39,93,1,-1,-1,-1
33,7,376,171,33,105,1,-1,-1,-1
34,4,610,245,39,98,1,-1,-1,-1
34,6,641,251,34,86,1,-1,-1,-1
34,7,376,171,34,97,1,-1,-1,-1
35,4,605,240,42,103,1,-1,-1,-1
35,6,634,246,37,86,1,-1,-1,-1
35,7,375,175,32,92,1,-1,-1,-1
36,4,599,237,40,97,1,-1,-1,-1
36,6,627,247,37,91,1,-1,-1,-1
36,7,377,168,37,104,1,-1,-1,-1
37,4,595,237,39,95,1,-1,-1,-1
37,6,623,242,38,94,1,-1,-1,-1
37,7,377,173,35,98,1,-1,-1,-1
38,4,586,234,40,96,1,-1,-1,-1
38,6,619,240,37,91,1,-1,-1,-1
38,7,376,178,31,87,1,-1,-1,-1
39,1,412,177,41,100,1,-1,-1,-1
39,4,581,233,39,97,1,-1,-1,-1
39,6,613,233,40,93,1,-1,-1,-1
39,7,374,181,31,84,1,-1,-1,-1
40,1,410,179,42,96,1,-1,-1,-1
40,4,572,234,38,93,1,-1,-1,-1
40,6,612,235,37,90,1,-1,-1,-1
40,7,368,180,33,81,1,-1,-1,-1
41,1,422,181,39,88,1,-1,-1,-1
41,4,565,233,38,92,1,-1,-1,-1
41,7,371,178,33,82,1,-1,-1,-1
42,1,421,182,44,93,1,-1,-1,-1
42,4,561,230,41,96,1,-1,-1,-1
42,7,373,178,31,80,1,-1,-1,-1
43,1,423,177,42,90,1,-1,-1,-1
43,4,555,229,38,97,1,-1,-1,-1
43,7,373,179,32,78,1,-1,-1,-1
43,11,591,225,35,94,1,-1,-1,-1
44,1,429,177,44,86,1,-1,-1,-1
44,4,553,230,35,86,1,-1,-1,-1
44,7,375,179,32,79,1,-1,-1,-1
44,11,585,224,35,94,1,-1,-1,-1
44,12,712,257,46,148,1,-1,-1,-1
45,1,436,181,40,80,1,-1,-1,-1
45,4,546,227,33,87,1,-1,-1,-1
45,7,375,180,32,80,1,-1,-1,-1
45,11,579,227,35,92,1,-1,-1,-1
45,12,709,259,46,133,1,-1,-1,-1
46,1,439,182,38,79,1,-1,-1,-1
46,4,537,225,34,91,1,-1,-1,-1
46,7,374,177,32,84,1,-1,-1,-1
46,11,569,215,41,107,1,-1,-1,-1
46,12,706,256,49,136,1,-1,-1,-1
47,1,443,181,34,74,1,-1,-1,-1
47,4,532,221,33,90,1,-1,-1,-1
47,7,370,174,35,87,1,-1,-1,-1
47,11,566,216,45,104,1,-1,-1,-1
47,12,696,254,50,139,1,-1,-1,-1
47,13,400,174,38,89,1,-1,-1,-1
48,1,441,181,32,71,1,-1,-1,-1
48,4,522,220,32,84,1,-1,-1,-1
48,7,370,175,35,84,1,-1,-1,-1
48,11,563,219,40,95,1,-1,-1,-1
48,12,690,252,44,130,1,-1,-1,-1
49,1,437,179,33,70,1,-1,-1,-1
49,4,517,219,31,84,1,-1,-1,-1
49,7,370,176,35,83,1,-1,-1,-1
49,11,561,218,38,91,1,-1,-1,-1
49,12,684,252,43,124,1,-1,-1,-1
50,1,433,177,35,71,1,-1,-1,-1
50,4,511,210,35,94,1,-1,-1,-1
50,7,369,176,35,82,1,-1,-1,-1
50,11,558,217,39,87,1,-1,-1,-1
50,12,680,252,40,122,1,-1,-1,-1
51,4,508,213,35,89,1,-1,-1,-1
51,7,367,175,35,84,1,-1,-1,-1
51,11,552,216,32,79,1,-1,-1,-1
51,12,667,246,47,133,1,-1,-1,-1
52,4,503,208,39,101,1,-1,-1,-1
52,7,366,174,36,84,1,-1,-1,-1
52,11,548,216,30,78,1,-1,-1,-1
52,12,662,245,45,128,1,-1,-1,-1
53,4,495,207,40,104,1,-1,-1,-1
53,7,366,173,36,83,1,-1,-1,-1
53,11,539,215,33,83,1,-1,-1,-1
53,12,656,246,44,122,1,-1,-1,-1
54,4,489,207,36,97,1,-1,-1,-1
54,7,367,172,35,83,1,-1,-1,-1
54,11,540,217,30,79,1,-1,-1,-1
54,12,651,241,45,124,1,-1,-1,-1
55,4,486,210,39,95,1,-1,-1,-1
55,7,368,174,35,81,1,-1,-1,-1
55,11,531,213,34,80,1,-1,-1,-1
55,12,643,240,46,119,1,-1,-1,-1
56,4,480,206,42,98,1,-1,-1,-1
56,7,369,175,35,79,1,-1,-1,-1
56,11,523,206,37,94,1,-1,-1,-1
56,12,639,238,45,121,1,-1,-1,-1
57,4,474,206,38,91,1,-1,-1,-1
57,7,368,176,34,78,1,-1,-1,-1
57,11,519,207,34,87,1,-1,-1,-1
57,12,631,235,45,119,1,-1,-1,-1
58,4,470,206,34,84,1,-1,-1,-1
58,7,371,176,35,81,1,-1,-1,-1
58,11,516,210,31,78,1,-1,-1,-1
58,12,624,231,43,122,1,-1,-1,-1
59,4,468,208,33,80,1,-1,-1,-1
59,7,373,175,34,83,1,-1,-1,-1
59,11,512,205,38,86,1,-1,-1,-1
59,12,620,237,41,110,1,-1,-1,-1
60,4,467,205,33,80,1,-1,-1,-1
60,7,372,176,35,85,1,-1,-1,-1
60,11,508,200,39,92,1,-1,-1,-1
60,12,615,235,40,107,1,-1,-1,-1
61,4,458,199,41,93,1,-1,-1,-1
61,7,369,176,36,84,1,-1,-1,-1
61,11,502,203,36,83,1,-1,-1,-1
61,12,610,227,39,109,1,-1,-1,-1
62,4,459,200,38,90,1,-1,-1,-1
62,7,367,171,37,85,1,-1,-1,-1
62,11,496,200,40,83,1,-1,-1,-1
62,12,607,227,40,106,1,-1,-1,-1
63,4,460,201,36,87,1,-1,-1,-1
63,7,364,174,38,83,1,-1,-1,-1
63,11,493,199,37,86,1,-1,-1,-1
63,12,605,223,42,110,1,-1,-1,-1
64,4,460,201,37,84,1,-1,-1,-1
64,7,369,176,37,80,1,-1,-1,-1
64,11,492,200,38,82,1,-1,-1,-1
64,12,602,217,44,115,1,-1,-1,-1
65,4,455,203,36,82,1,-1,-1,-1
65,7,366,177,36,77,1,-1,-1,-1
65,11,488,203,34,75,1,-1,-1,-1
65,12,597,216,42,116,1,-1,-1,-1
65,15,325,166,36,74,1,-1,-1,-1
66,4,450,199,37,86,1,-1,-1,-1
66,7,370,178,33,76,1,-1,-1,-1
66,11,485,203,32,73,1,-1,-1,-1
66,12,594,213,41,118,1,-1,-1,-1
66,15,322,170,33,68,1,-1,-1,-1
67,4,447,195,35,89,1,-1,-1,-1
67,7,369,179,33,74,1,-1,-1,-1
67,11,486,200,30,71,1,-1,-1,-1
67,12,593,209,41,115,1,-1,-1,-1
67,15,316,167,34,69,1,-1,-1,-1
68,4,445,194,32,85,1,-1,-1,-1
68,7,368,178,34,77,1,-1,-1,-1
68,11,485,198,28,71,1,-1,-1,-1
68,12,590,209,37,107,1,-1,-1,-1
68,15,308,163,38,70,1,-1,-1,-1
69,4,443,190,33,86,1,-1,-1,-1
69,7,369,181,34,75,1,-1,-1,-1
69,11,483,202,26,70,1,-1,-1,-1
69,12,587,207,38,109,1,-1,-1,-1
69,15,296,163,38,68,1,-1,-1,-1
70,4,447,192,30,78,1,-1,-1,-1
70,7,373,178,32,76,1,-1,-1,-1
70,11,478,199,27,76,1,-1,-1,-1
70,12,587,212,34,100,1,-1,-1,-1
70,15,289,166,35,66,1,-1,-1,-1
71,4,448,189,30,83,1,-1,-1,-1
71,7,372,178,33,80,1,-1,-1,-1
71,11,476,194,28,83,1,-1,-1,-1
71,12,584,210,34,96,1,-1,-1,-1
71,15,285,163,35,68,1,-1,-1,-1
72,4,444,188,32,87,1,-1,-1,-1
72,7,369,176,35,78,1,-1,-1,-1
72,11,476,190,27,79,1,-1,-1,-1
72,12,582,204,34,103,1,-1,-1,-1
72,15,279,164,40,70,1,-1,-1,-1
73,4,439,184,33,91,1,-1,-1,-1
73,7,368,177,35,79,1,-1,-1,-1
73,11,475,184,29,78,1,-1,-1,-1
73,12,578,201,37,102,1,-1,-1,-1
73,15,272,169,41,69,1,-1,-1,-1
74,4,436,178,35,94,1,-1,-1,-1
74,7,369,175,34,81,1,-1,-1,-1
74,11,476,183,30,80,1,-1,-1,-1
74,12,577,197,36,105,1,-1,-1,-1
74,15,265,166,40,71,1,-1,-1,-1
75,4,436,181,32,83,1,-1,-1,-1
75,7,367,176,36,80,1,-1,-1,-1
75,11,476,183,28,82,1,-1,-1,-1
75,12,574,194,38,107,1,-1,-1,-1
75,15,261,168,45,74,1,-1,-1,-1
76,4,431,178,33,85,1,-1,-1,-1
76,7,367,177,36,82,1,-1,-1,-1
76,11,479,185,29,79,1,-1,-1,-1
76,12,574,194,37,105,1,-1,-1,-1
76,15,258,173,38,69,1,-1,-1,-1
77,4,428,175,34,88,1,-1,-1,-1
77,7,366,177,37,82,1,-1,-1,-1
77,11,481,185,29,78,1,-1,-1,-1
77,12,572,186,39,106,1,-1,-1,-1
77,15,253,175,36,63,1,-1,-1,-1
78,4,430,176,35,89,1,-1,-1,-1
78,7,365,179,37,81,1,-1,-1,-1
78,11,482,187,29,75,1,-1,-1,-1
78,12,566,189,42,105,1,-1,-1,-1
78,15,251,174,37,63,1,-1,-1,-1
79,4,430,177,34,87,1,-1,-1,-1
79,7,366,179,36,83,1,-1,-1,-1
79,11,481,181,27,70,1,-1,-1,-1
79,12,565,189,36,91,1,-1,-1,-1
79,15,249,173,39,70,1,-1,-1,-1
80,4,435,176,31,79,1,-1,-1,-1
80,7,366,179,37,80,1,-1,-1,-1
80,11,481,176,27,68,1,-1,-1,-1
80,12,570,186,31,84,1,-1,-1,-1
80,15,249,171,37,69,1,-1,-1,-1
81,4,432,170,32,83,1,-1,-1,-1
81,7,365,175,38,82,1,-1,-1,-1
81,11,480,171,26,69,1,-1,-1,-1
81,12,568,182,35,93,1,-1,-1,-1
81,15,251,170,36,68,1,-1,-1,-1
81,18,453,173,27,72,1,-1,-1,-1
82,7,366,174,38,82,1,-1,-1,-1
82,11,476,171,26,67,1,-1,-1,-1
82,12,566,184,33,87,1,-1,-1,-1
82,15,252,173,35,67,1,-1,-1,-1
82,18,445,170,30,78,1,-1,-1,-1
83,7,366,175,39,83,1,-1,-1,-1
83,11,474,176,26,61,1,-1,-1,-1
83,12,563,178,34,95,1,-1,-1,-1
83,15,255,176,33,64,1,-1,-1,-1
83,18,442,171,30,74,1,-1,-1,-1
84,7,367,176,39,81,1,-1,-1,-1
84,11,474,175,28,68,1,-1,-1,-1
84,12,559,175,35,99,1,-1,-1,-1
84,15,260,179,32,66,1,-1,-1,-1
84,18,444,172,31,76,1,-1,-1,-1
85,7,368,178,36,79,1,-1,-1,-1
85,11,477,174,27,73,1,-1,-1,-1
85,12,558,176,35,96,1,-1,-1,-1
85,15,261,174,33,70,1,-1,-1,-1
85,18,442,165,34,82,1,-1,-1,-1
86,7,371,179,35,78,1,-1,-1,-1
86,11,475,172,29,73,1,-1,-1,-1
86,12,559,172,38,99,1,-1,-1,-1
86,15,263,175,38,73,1,-1,-1,-1
86,18,448,165,31,76,1,-1,-1,-1
86,20,252,46,24,37,1,-1,-1,-1
87,7,370,177,36,79,1,-1,-1,-1
87,11,478,172,28,68,1,-1,-1,-1
87,12,559,168,36,98,1,-1,-1,-1
87,15,270,180,37,67,1,-1,-1,-1
87,18,444,162,32,82,1,-1,-1,-1
87,20,252,48,23,37,1,-1,-1,-1
88,7,371,181,36,81,1,-1,-1,-1
88,11,481,171,27,70,1,-1,-1,-1
88,12,562,172,35,93,1,-1,-1,-1
88,15,275,183,35,66,1,-1,-1,-1
88,18,442,164,32,81,1,-1,-1,-1
88,20,249,46,24,38,1,-1,-1,-1
89,7,372,181,35,80,1,-1,-1,-1
89,11,484,166,28,68,1,-1,-1,-1
89,12,563,174,33,83,1,-1,-1,-1
89,15,280,184,36,67,1,-1,-1,-1
89,18,442,163,32,82,1,-1,-1,-1
89,20,244,46,25,40,1,-1,-1,-1
90,7,371,184,33,75,1,-1,-1,-1
90,11,486,161,29,67,1,-1,-1,-1
90,12,565,174,31,77,1,-1,-1,-1
90,15,281,187,39,68,1,-1,-1,-1
90,18,447,161,30,80,1,-1,-1,-1
90,20,243,48,23,38,1,-1,-1,-1
91,7,371,180,33,79,1,-1,-1,-1
91,11,482,159,32,67,1,-1,-1,-1
91,12,567,171,32,77,1,-1,-1,-1
91,15,284,190,35,65,1,-1,-1,-1
91,20,241,51,23,36,1,-1,-1,-1
91,23,463,161,30,72,1,-1,-1,-1
92,7,372,186,30,74,1,-1,-1,-1
92,11,486,156,30,67,1,-1,-1,-1
92,12,566,170,32,77,1,-1,-1,-1
92,15,290,192,35,67,1,-1,-1,-1
92,20,239,52,22,37,1,-1,-1,-1
92,23,459,162,30,71,1,-1,-1,-1
93,7,377,182,28,73,1,-1,-1,-1
93,11,490,159,29,67,1,-1,-1,-1
93,12,572,165,32,77,1,-1,-1,-1
93,15,291,186,45,80,1,-1,-1,-1
93,20,237,52,20,35,1,-1,-1,-1
93,23,464,159,28,70,1,-1,-1,-1
94,7,378,181,33,78,1,-1,-1,-1
94,11,494,158,28,66,1,-1,-1,-1
94,12,572,163,34,82,1,-1,-1,-1
94,15,292,189,50,85,1,-1,-1,-1
94,20,231,48,24,42,1,-1,-1,-1
94,23,469,156,27,67,1,-1,-1,-1
95,7,378,179,32,79,1,-1,-1,-1
95,11,492,157,28,67,1,-1,-1,-1
95,12,573,161,35,82,1,-1,-1,-1
95,15,301,193,42,78,1,-1,-1,-1
95,20,234,51,23,36,1,-1,-1,-1
95,23,469,156,26,67,1,-1,-1,-1
96,7,379,179,37,85,1,-1,-1,-1
96,11,494,158,28,66,1,-1,-1,-1
96,12,575,164,34,79,1,-1,-1,-1
96,15,306,196,41,75,1,-1,-1,-1
96,20,230,53,23,38,1,-1,-1,-1
96,23,473,157,26,66,1,-1,-1,-1
97,7,381,178,33,80,1,-1,-1,-1
97,11,482,149,41,84,1,-1,-1,-1
97,12,577,161,34,84,1,-1,-1,-1
97,15,315,202,37,73,1,-1,-1,-1
97,20,225,54,22,36,1,-1,-1,-1
97,24,507,161,28,67,1,-1,-1,-1
98,7,380,177,34,77,1,-1,-1,-1
98,11,480,146,41,86,1,-1,-1,-1
98,12,577,158,37,86,1,-1,-1,-1
98,15,324,197,38,75,1,-1,-1,-1
98,20,225,54,23,37,1,-1,-1,-1
98,24,507,153,30,68,1,-1,-1,-1
99,7,382,179,32,77,1,-1,-1,-1
99,11,482,142,39,87,1,-1,-1,-1
99,12,577,155,36,81,1,-1,-1,-1
99,15,326,193,45,87,1,-1,-1,-1
99,20,221,51,27,40,1,-1,-1,-1
99,24,508,150,31,71,1,-1,-1,-1
100,7,379,182,28,75,1,-1,-1,-1
100,11,484,145,34,79,1,-1,-1,-1
100,12,583,155,35,77,1,-1,-1,-1
100,15,336,195,40,81,1,-1,-1,-1
100,20,219,56,25,39,1,-1,-1,-1
100,24,505,144,31,74,1,-1,-1,-1
101,7,372,181,31,82,1,-1,-1,-1
101,12,588,154,33,73,1,-1,-1,-1
101,15,341,197,39,79,1,-1,-1,-1
101,20,216,54,25,39,1,-1,-1,-1
101,24,500,143,34,76,1,-1,-1,-1
102,12,588,148,37,79,1,-1,-1,-1
102,15,347,197,38,76,1,-1,-1,-1
102,20,209,54,28,42,1,-1,-1,-1
102,24,502,144,35,78,1,-1,-1,-1
103,12,589,146,35,77,1,-1,-1,-1
103,15,355,194,39,82,1,-1,-1,-1
103,20,206,55,30,44,1,-1,-1,-1
103,24,500,142,36,79,1,-1,-1,-1
104,12,591,145,32,75,1,-1,-1,-1
104,15,360,189,40,89,1,-1,-1,-1
104,20,203,54,30,43,1,-1,-1,-1
105,12,592,145,30,75,1,-1,-1,-1
105,15,368,186,41,93,1,-1,-1,-1
105,20,204,60,25,39,1,-1,-1,-1
105,25,519,144,26,71,1,-1,-1,-1
106,12,597,143,30,78,1,-1,-1,-1
106,15,374,180,43,102,1,-1,-1,-1
106,20,203,57,24,37,1,-1,-1,-1
106,25,515,141,31,72,1,-1,-1,-1
107,12,604,143,29,77,1,-1,-1,-1
107,15,375,177,38,93,1,-1,-1,-1
107,25,513,137,33,78,1,-1,-1,-1
108,12,607,144,29,76,1,-1,-1,-1
108,15,372,180,35,84,1,-1,-1,-1
108,25,507,137,34,76,1,-1,-1,-1
109,12,608,142,34,82,1,-1,-1,-1
109,15,371,177,33,80,1,-1,-1,-1
109,25,513,137,30,68,1,-1,-1,-1
109,26,190,60,26,39,1,-1,-1,-1
109,27,535,133,27,77,1,-1,-1,-1
110,12,609,136,34,80,1,-1,-1,-1
110,15,371,176,32,77,1,-1,-1,-1
110,25,519,142,29,64,1,-1,-1,-1
110,26,188,58,24,40,1,-1,-1,-1
110,27,539,139,26,69,1,-1,-1,-1
110,28,415,181,39,98,1,-1,-1,-1
111,12,611,134,33,77,1,-1,-1,-1
111,15,370,175,33,76,1,-1,-1,-1
111,26,185,49,29,47,1,-1,-1,-1
111,27,534,138,29,70,1,-1,-1,-1
111,28,417,178,35,101,1,-1,-1,-1
112,12,614,134,32,75,1,-1,-1,-1
112,15,367,175,34,79,1,-1,-1,-1
112,27,541,141,27,67,1,-1,-1,-1
112,28,423,183,36,98,1,-1,-1,-1
113,12,620,134,31,73,1,-1,-1,-1
113,15,366,176,35,79,1,-1,-1,-1
113,28,431,197,40,95,1,-1,-1,-1
114,12,622,135,32,72,1,-1,-1,-1
114,15,369,177,34,79,1,-1,-1,-1
114,28,445,201,39,88,1,-1,-1,-1
114,29,180,62,25,38,1,-1,-1,-1
115,12,624,133,33,77,1,-1,-1,-1
115,15,369,183,31,77,1,-1,-1,-1
115,28,453,204,37,86,1,-1,-1,-1
115,29,177,63,24,37,1,-1,-1,-1
115,31,557,137,26,65,1,-1,-1,-1
116,12,629,135,32,73,1,-1,-1,-1
116,15,367,178,35,85,1,-1,-1,-1
116,28,458,205,38,85,1,-1,-1,-1
116,29,174,65,23,38,1,-1,-1,-1
116,31,548,136,36,77,1,-1,-1,-1
117,12,634,134,30,72,1,-1,-1,-1
117,15,364,180,34,81,1,-1,-1,-1
117,28,462,203,44,87,1,-1,-1,-1
117,29,170,64,28,39,1,-1,-1,-1
117,31,553,139,31,67,1,-1,-1,-1
118,12,636,134,31,70,1,-1,-1,-1
118,15,367,180,35,82,1,-1,-1,-1
118,28,475,208,39,82,1,-1,-1,-1
118,29,170,64,26,37,1,-1,-1,-1
118,31,558,143,28,61,1,-1,-1,-1
119,12,638,135,33,72,1,-1,-1,-1
119,15,368,180,35,80,1,-1,-1,-1
119,25,549,134,30,64,1,-1,-1,-1
119,28,490,216,34,72,1,-1,-1,-1
119,29,167,65,29,42,1,-1,-1,-1
120,12,642,136,31,67,1,-1,-1,-1
120,15,367,178,36,78,1,-1,-1,-1
120,25,550,140,30,65,1,-1,-1,-1
120,28,494,215,39,82,1,-1,-1,-1
120,32,695,208,44,96,1,-1,-1,-1
121,12,646,130,33,72,1,-1,-1,-1
121,15,365,177,38,84,1,-1,-1,-1
121,25,559,136,27,63,1,-1,-1,-1
121,28,502,219,34,76,1,-1,-1,-1
121,32,685,191,47,112,1,-1,-1,-1
121,33,575,139,28,61,1,-1,-1,-1
122,12,652,129,29,69,1,-1,-1,-1
122,15,365,180,38,88,1,-1,-1,-1
122,25,561,130,29,65,1,-1,-1,-1
122,28,513,219,34,75,1,-1,-1,-1
122,32,675,181,51,124,1,-1,-1,-1
122,33,583,138,25,59,1,-1,-1,-1
122,34,163,70,22,34,1,-1,-1,-1
123,12,657,126,28,66,1,-1,-1,-1
123,15,367,181,36,85,1,-1,-1,-1
123,25,560,123,26,64,1,-1,-1,-1
123,28,521,214,44,89,1,-1,-1,-1
123,33,578,130,32,66,1,-1,-1,-1
124,12,661,123,29,67,1,-1,-1,-1
124,15,370,178,34,85,1,-1,-1,-1
124,28,530,212,44,89,1,-1,-1,-1
124,33,578,125,32,70,1,-1,-1,-1
125,12,662,123,30,68,1,-1,-1,-1
125,15,372,176,36,88,1,-1,-1,-1
125,28,534,215,45,90,1,-1,-1,-1
125,33,581,121,31,70,1,-1,-1,-1
126,12,664,124,30,69,1,-1,-1,-1
126,15,374,175,35,90,1,-1,-1,-1
126,28,543,215,39,85,1,-1,-1,-1
126,32,641,206,35,87,1,-1,-1,-1
126,33,579,118,33,72,1,-1,-1,-1
126,37,145,67,24,37,1,-1,-1,-1
127,12,667,122,28,70,1,-1,-1,-1
127,15,374,176,35,88,1,-1,-1,-1
127,28,553,214,36,81,1,-1,-1,-1
127,32,635,213,32,73,1,-1,-1,-1
127,33,580,120,35,72,1,-1,-1,-1
127,37,141,67,30,37,1,-1,-1,-1
128,12,668,118,29,71,1,-1,-1,-1
128,15,374,178,34,84,1,-1,-1,-1
128,28,563,221,36,80,1,-1,-1,-1
128,32,626,211,29,72,1,-1,-1,-1
128,33,578,118,31,69,1,-1,-1,-1
128,37,136,69,28,39,1,-1,-1,-1
129,12,670,119,31,72,1,-1,-1,-1
129,15,375,178,32,83,1,-1,-1,-1
129,28,572,217,34,80,1,-1,-1,-1
129,32,621,213,25,67,1,-1,-1,-1
129,37,131,70,25,36,1,-1,-1,-1
130,12,672,119,29,68,1,-1,-1,-1
130,15,374,180,32,81,1,-1,-1,-1
130,28,582,217,36,84,1,-1,-1,-1
130,32,612,209,29,78,1,-1,-1,-1
130,38,590,125,33,57,1,-1,-1,-1
131,12,680,117,28,70,1,-1,-1,-1
131,15,373,178,32,87,1,-1,-1,-1
131,28,591,215,39,88,1,-1,-1,-1
131,38,592,119,32,60,1,-1,-1,-1
132,12,684,113,32,81,1,-1,-1,-1
132,15,372,177,33,86,1,-1,-1,-1
132,28,594,209,46,94,1,-1,-1,-1
132,38,595,122,33,61,1,-1,-1,-1
132,39,125,69,19,39,1,-1,-1,-1
133,12,687,115,34,83,1,-1,-1,-1
133,15,371,179,34,88,1,-1,-1,-1
133,28,607,213,43,91,1,-1,-1,-1
133,38,592,115,32,63,1,-1,-1,-1
133,39,117,69,20,35,1,-1,-1,-1
134,12,688,115,35,87,1,-1,-1,-1
134,15,370,176,34,92,1,-1,-1,-1
134,28,615,215,38,85,1,-1,-1,-1
134,38,590,114,31,67,1,-1,-1,-1
135,12,686,116,35,87,1,-1,-1,-1
135,15,370,176,35,95,1,-1,-1,-1
135,28,626,219,38,84,1,-1,-1,-1
135,38,590,116,30,64,1,-1,-1,-1
135,40,607,117,30,66,1,-1,-1,-1
136,12,687,114,36,89,1,-1,-1,-1
136,15,371,176,35,94,1,-1,-1,-1
136,28,632,223,39,84,1,-1,-1,-1
136,38,591,114,30,63,1,-1,-1,-1
136,40,609,118,36,69,1,-1,-1,-1
136,42,560,199,32,76,1,-1,-1,-1
136,43,115,75,24,40,1,-1,-1,-1
136,44,720,244,38,100,1,-1,-1,-1
137,12,689,113,36,90,1,-1,-1,-1
137,15,373,177,32,91,1,-1,-1,-1
137,28,640,224,39,82,1,-1,-1,-1
137,38,594,110,29,65,1,-1,-1,-1
137,40,611,120,35,69,1,-1,-1,-1
137,42,555,197,30,74,1,-1,-1,-1
137,43,114,79,24,41,1,-1,-1,-1
137,44,712,237,39,104,1,-1,-1,-1
138,12,692,117,33,75,1,-1,-1,-1
138,15,375,179,31,88,1,-1,-1,-1
138,28,647,222,44,88,1,-1,-1,-1
138,38,600,106,34,72,1,-1,-1,-1
138,40,622,118,31,65,1,-1,-1,-1
138,42,544,189,36,78,1,-1,-1,-1
138,43,109,76,25,44,1,-1,-1,-1
138,44,701,234,40,109,1,-1,-1,-1
139,12,697,113,30,74,1,-1,-1,-1
139,15,374,180,30,84,1,-1,-1,-1
139,28,656,221,43,87,1,-1,-1,-1
139,38,606,110,32,67,1,-1,-1,-1
139,40,626,118,32,61,1,-1,-1,-1
139,42,539,193,32,70,1,-1,-1,-1
139,43,104,72,25,46,1,-1,-1,-1
139,44,690,231,43,109,1,-1,-1,-1
140,12,699,113,31,70,1,-1,-1,-1
140,15,376,183,31,83,1,-1,-1,-1
140,38,614,111,35,68,1,-1,-1,-1
140,42,529,189,32,76,1,-1,-1,-1
140,43,101,76,23,43,1,-1,-1,-1
140,44,675,225,52,121,1,-1,-1,-1
141,15,376,183,31,79,1,-1,-1,-1
141,38,621,107,34,67,1,-1,-1,-1
141,42,519,185,33,74,1,-1,-1,-1
141,43,100,75,23,42,1,-1,-1,-1
142,15,374,185,32,75,1,-1,-1,-1
142,38,627,109,31,67,1,-1,-1,-1
142,42,513,186,35,75,1,-1,-1,-1
142,43,96,75,24,41,1,-1,-1,-1
143,15,373,182,32,78,1,-1,-1,-1
143,28,692,228,40,92,1,-1,-1,-1
143,42,506,185,35,73,1,-1,-1,-1
143,43,94,77,22,41,1,-1,-1,-1
143,45,417,173,32,89,1,-1,-1,-1
144,12,702,110,33,67,1,-1,-1,-1
144,15,375,186,32,81,1,-1,-1,-1
144,28,704,230,42,87,1,-1,-1,-1
144,42,496,184,35,77,1,-1,-1,-1
144,43,90,76,24,43,1,-1,-1,-1
144,44,645,235,37,91,1,-1,-1,-1
144,45,419,173,31,90,1,-1,-1,-1
145,12,701,108,34,61,1,-1,-1,-1
145,15,374,185,33,83,1,-1,-1,-1
145,28,716,232,39,83,1,-1,-1,-1
145,42,488,183,36,75,1,-1,-1,-1
145,43,87,74,25,43,1,-1,-1,-1
145,44,637,238,35,88,1,-1,-1,-1
145,47,624,101,38,69,1,-1,-1,-1
146,12,703,105,32,59,1,-1,-1,-1
146,15,372,185,33,81,1,-1,-1,-1
146,28,721,227,39,85,1,-1,-1,-1
146,42,480,182,34,73,1,-1,-1,-1
146,43,81,76,22,44,1,-1,-1,-1
146,44,629,231,40,101,1,-1,-1,-1
146,47,629,102,34,68,1,-1,-1,-1
147,12,705,108,30,55,1,-1,-1,-1
147,15,372,188,32,82,1,-1,-1,-1
147,28,723,224,43,90,1,-1,-1,-1
147,42,468,182,34,75,1,-1,-1,-1
147,43,78,78,24,46,1,-1,-1,-1
147,44,618,227,39,100,1,-1,-1,-1
147,47,635,104,31,63,1,-1,-1,-1
148,12,707,105,31,60,1,-1,-1,-1
148,15,373,191,32,85,1,-1,-1,-1
148,28,733,221,37,87,1,-1,-1,-1
148,42,460,179,34,78,1,-1,-1,-1
148,43,76,77,23,44,1,-1,-1,-1
148,44,612,229,38,94,1,-1,-1,-1
148,47,635,103,30,63,1,-1,-1,-1
149,15,376,190,33,88,1,-1,-1,-1
149,42,453,178,38,81,1,-1,-1,-1
149,43,71,76,26,46,1,-1,-1,-1
149,44,606,229,35,91,1,-1,-1,-1
149,47,635,103,32,67,1,-1,-1,-1
150,15,381,190,35,90,1,-1,-1,-1
150,42,442,176,37,83,1,-1,-1,-1
150,43,65,81,24,46,1,-1,-1,-1
150,44,595,223,36,93,1,-1,-1,-1
150,47,633,100,33,70,1,-1,-1,-1
150,49,416,186,32,84,1,-1,-1,-1
151,15,386,190,39,93,1,-1,-1,-1
151,42,434,175,37,87,1,-1,-1,-1
151,43,64,80,22,43,1,-1,-1,-1
151,44,583,219,42,97,1,-1,-1,-1
151,47,636,101,33,70,1,-1,-1,-1
151,49,414,186,35,93,1,-1,-1,-1
152,15,385,191,41,87,1,-1,-1,-1
152,42,431,183,35,82,1,-1,-1,-1
152,43,63,81,24,46,1,-1,-1,-1
152,44,576,221,39,93,1,-1,-1,-1
152,47,632,104,32,66,1,-1,-1,-1
152,49,413,189,35,88,1,-1,-1,-1
153,15,389,194,41,84,1,-1,-1,-1
153,42,427,184,38,86,1,-1,-1,-1
153,43,56,80,26,50,1,-1,-1,-1
153,44,569,224,35,87,1,-1,-1,-1
153,47,629,104,30,64,1,-1,-1,-1
154,42,429,183,37,88,1,-1,-1,-1
154,43,52,78,27,50,1,-1,-1,-1
154,44,564,221,35,84,1,-1,-1,-1
154,50,641,104,28,63,1,-1,-1,-1
155,42,434,191,39,88,1,-1,-1,-1
155,43,48,80,29,50,1,-1,-1,-1
155,44,559,224,31,79,1,-1,-1,-1
155,50,645,107,31,62,1,-1,-1,-1
156,42,438,198,39,93,1,-1,-1,-1
156,43,43,83,29,49,1,-1,-1,-1
156,44,545,220,36,89,1,-1,-1,-1
156,50,643,103,31,64,1,-1,-1,-1
156,51,680,107,49,68,1,-1,-1,-1
157,15,395,173,48,112,1,-1,-1,-1
157,42,443,195,39,96,1,-1,-1,-1
157,43,42,83,31,50,1,-1,-1,-1
157,44,538,218,37,87,1,-1,-1,-1
157,50,641,102,31,63,1,-1,-1,-1
157,51,674,113,39,59,1,-1,-1,-1
158,15,405,175,43,108,1,-1,-1,-1
158,42,452,198,39,88,1,-1,-1,-1
158,43,37,83,32,54,1,-1,-1,-1
158,44,528,215,35,88,1,-1,-1,-1
158,50,646,102,30,60,1,-1,-1,-1
158,51,670,106,42,66,1,-1,-1,-1
159,15,410,181,39,108,1,-1,-1,-1
159,42,460,202,39,90,1,-1,-1,-1
159,43,35,85,30,52,1,-1,-1,-1
159,44,522,217,32,82,1,-1,-1,-1
159,50,646,103,31,55,1,-1,-1,-1
159,51,669,107,40,66,1,-1,-1,-1
160,15,416,190,35,104,1,-1,-1,-1
160,42,463,201,42,94,1,-1,-1,-1
160,43,28,84,32,56,1,-1,-1,-1
160,44,513,215,37,91,1,-1,-1,-1
160,50,647,99,29,54,1,-1,-1,-1
160,51,661,108,33,59,1,-1,-1,-1
161,15,419,190,36,112,1,-1,-1,-1
161,42,474,207,37,85,1,-1,-1,-1
161,43,26,86,34,59,1,-1,-1,-1
161,44,503,217,36,89,1,-1,-1,-1
161,51,657,107,30,59,1,-1,-1,-1
161,54,343,172,37,71,1,-1,-1,-1
162,15,422,198,36,104,1,-1,-1,-1
162,42,482,205,37,87,1,-1,-1,-1
162,43,25,87,31,57,1,-1,-1,-1
162,51,657,104,32,65,1,-1,-1,-1
162,54,339,174,35,70,1,-1,-1,-1
163,15,428,204,37,103,1,-1,-1,-1
163,43,22,90,28,54,1,-1,-1,-1
163,51,660,100,33,67,1,-1,-1,-1
163,54,331,172,36,75,1,-1,-1,-1
164,15,432,207,36,99,1,-1,-1,-1
164,43,21,94,24,46,1,-1,-1,-1
164,51,663,100,33,69,1,-1,-1,-1
164,54,327,167,34,75,1,-1,-1,-1
165,15,437,207,39,99,1,-1,-1,-1
165,43,20,93,23,49,1,-1,-1,-1
165,44,475,204,39,103,1,-1,-1,-1
165,51,664,107,32,60,1,-1,-1,-1
165,54,324,169,33,70,1,-1,-1,-1
166,15,448,210,35,93,1,-1,-1,-1
166,43,17,90,23,50,1,-1,-1,-1
166,54,314,170,39,75,1,-1,-1,-1
167,15,450,209,36,96,1,-1,-1,-1
167,43,17,90,23,48,1,-1,-1,-1
167,54,307,169,38,71,1,-1,-1,-1
168,15,451,205,37,100,1,-1,-1,-1
168,43,17,89,22,52,1,-1,-1,-1
168,54,293,172,40,71,1,-1,-1,-1
168,57,646,111,33,71,1,-1,-1,-1
169,15,449,205,39,99,1,-1,-1,-1
169,43,13,86,23,54,1,-1,-1,-1
169,54,283,173,42,69,1,-1,-1,-1
169,58,500,201,45,97,1,-1,-1,-1
169,59,671,101,32,62,1,-1,-1,-1
170,15,439,208,40,97,1,-1,-1,-1
170,43,9,86,23,52,1,-1,-1,-1
170,54,278,171,40,69,1,-1,-1,-1
170,58,507,205,41,88,1,-1,-1,-1
170,59,674,101,34,57,1,-1,-1,-1
171,15,441,203,41,100,1,-1,-1,-1
171,54,269,166,39,71,1,-1,-1,-1
171,58,513,199,43,91,1,-1,-1,-1
171,59,674,100,35,58,1,-1,-1,-1
172,15,429,206,40,100,1,-1,-1,-1
172,54,261,164,41,68,1,-1,-1,-1
172,58,522,202,45,90,1,-1,-1,-1
172,59,670,97,37,60,1,-1,-1,-1
173,15,417,199,41,106,1,-1,-1,-1
173,54,257,168,37,64,1,-1,-1,-1
173,58,529,205,40,86,1,-1,-1,-1
173,59,672,100,34,57,1,-1,-1,-1
174,15,405,188,43,114,1,-1,-1,-1
174,54,251,167,35,61,1,-1,-1,-1
174,58,537,212,38,82,1,-1,-1,-1
174,59,673,101,32,55,1,-1,-1,-1
174,60,615,119,31,75,1,-1,-1,-1
174,61,464,208,32,87,1,-1,-1,-1
175,15,397,185,45,123,1,-1,-1,-1
175,54,242,169,36,63,1,-1,-1,-1
175,58,543,216,43,88,1,-1,-1,-1
175,59,669,99,35,59,1,-1,-1,-1
175,60,614,127,32,73,1,-1,-1,-1
175,61,464,205,38,89,1,-1,-1,-1
176,15,393,199,41,106,1,-1,-1,-1
176,54,233,167,39,66,1,-1,-1,-1
176,58,548,217,41,88,1,-1,-1,-1
176,59,669,99,37,59,1,-1,-1,-1
176,60,603,128,31,73,1,-1,-1,-1
176,61,464,210,40,89,1,-1,-1,-1
177,15,386,203,37,98,1,-1,-1,-1
177,54,229,162,39,66,1,-1,-1,-1
177,58,551,214,38,87,1,-1,-1,-1
177,59,672,99,34,56,1,-1,-1,-1
177,60,599,125,30,73,1,-1,-1,-1
177,61,470,211,41,89,1,-1,-1,-1
178,15,378,207,38,92,1,-1,-1,-1
178,54,221,162,36,66,1,-1,-1,-1
178,58,558,217,38,83,1,-1,-1,-1
178,59,674,97,33,55,1,-1,-1,-1
178,60,592,120,30,72,1,-1,-1,-1
178,61,476,216,40,87,1,-1,-1,-1
179,15,370,202,37,84,1,-1,-1,-1
179,54,213,159,39,69,1,-1,-1,-1
179,58,562,218,43,89,1,-1,-1,-1
179,59,675,96,35,56,1,-1,-1,-1
179,60,590,124,29,72,1,-1,-1,-1
179,61,483,216,35,84,1,-1,-1,-1
180,15,364,208,35,77,1,-1,-1,-1
180,54,207,156,39,69,1,-1,-1,-1
180,58,569,219,42,90,1,-1,-1,-1
180,59,675,96,36,58,1,-1,-1,-1
180,60,583,121,30,72,1,-1,-1,-1
180,61,487,219,35,88,1,-1,-1,-1
181,15,356,208,35,78,1,-1,-1,-1
181,54,197,156,37,68,1,-1,-1,-1
181,58,584,217,39,88,1,-1,-1,-1
181,59,676,95,33,55,1,-1,-1,-1
181,60,580,124,31,71,1,-1,-1,-1
181,61,496,218,34,89,1,-1,-1,-1
182,15,348,208,37,79,1,-1,-1,-1
182,54,190,161,37,71,1,-1,-1,-1
182,58,592,214,38,86,1,-1,-1,-1
182,59,679,95,31,56,1,-1,-1,-1
182,60,577,123,33,76,1,-1,-1,-1
182,61,501,216,36,89,1,-1,-1,-1
183,15,341,211,35,77,1,-1,-1,-1
183,54,184,162,36,71,1,-1,-1,-1
183,58,599,213,38,87,1,-1,-1,-1
183,59,676,92,40,64,1,-1,-1,-1
183,60,572,128,35,74,1,-1,-1,-1
183,61,506,219,37,93,1,-1,-1,-1
184,15,329,206,38,83,1,-1,-1,-1
184,54,176,158,35,69,1,-1,-1,-1
184,58,606,220,36,83,1,-1,-1,-1
184,59,678,91,35,61,1,-1,-1,-1
184,60,566,130,32,72,1,-1,-1,-1
184,61,510,220,45,103,1,-1,-1,-1
185,15,323,210,36,79,1,-1,-1,-1
185,54,171,156,36,69,1,-1,-1,-1
185,58,612,223,38,88,1,-1,-1,-1
185,59,677,95,35,60,1,-1,-1,-1
185,60,563,133,35,71,1,-1,-1,-1
185,61,516,220,44,105,1,-1,-1,-1
186,15,314,207,38,82,1,-1,-1,-1
186,54,164,157,40,70,1,-1,-1,-1
186,58,619,222,36,89,1,-1,-1,-1
186,59,676,97,36,58,1,-1,-1,-1
186,60,560,134,33,71,1,-1,-1,-1
186,61,520,222,42,105,1,-1,-1,-1
187,15,302,208,44,86,1,-1,-1,-1
187,54,158,159,37,68,1,-1,-1,-1
187,58,630,226,36,88,1,-1,-1,-1
187,59,677,96,42,60,1,-1,-1,-1
187,60,556,132,34,73,1,-1,-1,-1
187,61,526,226,40,98,1,-1,-1,-1
188,15,297,205,39,83,1,-1,-1,-1
188,54,153,160,34,65,1,-1,-1,-1
188,58,633,223,44,99,1,-1,-1,-1
188,59,681,92,38,59,1,-1,-1,-1
188,60,553,132,33,71,1,-1,-1,-1
188,61,536,231,39,95,1,-1,-1,-1
189,15,287,192,41,87,1,-1,-1,-1
189,54,149,161,30,61,1,-1,-1,-1
189,58,639,228,46,97,1,-1,-1,-1
189,59,679,92,33,56,1,-1,-1,-1
189,60,546,127,36,78,1,-1,-1,-1
189,61,543,231,39,98,1,-1,-1,-1
190,15,280,188,38,87,1,-1,-1,-1
190,54,140,160,30,61,1,-1,-1,-1
190,58,646,229,44,95,1,-1,-1,-1
190,59,680,89,34,51,1,-1,-1,-1
190,60,540,129,37,75,1,-1,-1,-1
190,61,546,230,44,109,1,-1,-1,-1
191,15,276,188,35,88,1,-1,-1,-1
191,54,135,159,30,64,1,-1,-1,-1
191,58,650,227,47,101,1,-1,-1,-1
191,59,681,88,34,50,1,-1,-1,-1
191,60,534,131,38,77,1,-1,-1,-1
191,61,550,233,45,110,1,-1,-1,-1
192,15,271,193,34,85,1,-1,-1,-1
192,54,131,159,31,63,1,-1,-1,-1
192,58,654,232,42,94,1,-1,-1,-1
192,59,682,89,36,50,1,-1,-1,-1
192,60,529,131,37,78,1,-1,-1,-1
192,61,551,239,47,108,1,-1,-1,-1
193,15,260,197,32,75,1,-1,-1,-1
193,54,123,153,34,66,1,-1,-1,-1
193,58,658,236,38,89,1,-1,-1,-1
193,59,674,82,45,66,1,-1,-1,-1
193,60,520,138,34,74,1,-1,-1,-1
193,61,561,246,40,95,1,-1,-1,-1
194,15,254,196,32,80,1,-1,-1,-1
194,54,115,152,37,70,1,-1,-1,-1
194,58,663,233,39,96,1,-1,-1,-1
194,59,677,88,42,59,1,-1,-1,-1
194,60,515,138,35,72,1,-1,-1,-1
194,61,569,246,37,93,1,-1,-1,-1
195,15,253,196,34,81,1,-1,-1,-1
195,54,109,153,35,67,1,-1,-1,-1
195,58,667,235,38,97,1,-1,-1,-1
195,59,680,92,39,53,1,-1,-1,-1
195,60,513,142,35,75,1,-1,-1,-1
195,61,572,248,40,97,1,-1,-1,-1
196,15,244,192,36,81,1,-1,-1,-1
196,54,108,156,32,63,1,-1,-1,-1
196,58,674,240,40,98,1,-1,-1,-1
196,59,680,98,34,49,1,-1,-1,-1
196,60,508,140,35,76,1,-1,-1,-1
196,61,579,248,40,99,1,-1,-1,-1
197,15,239,189,33,82,1,-1,-1,-1
197,54,101,151,32,64,1,-1,-1,-1
197,58,687,241,40,97,1,-1,-1,-1
197,59,680,101,30,47,1,-1,-1,-1
197,60,501,138,38,81,1,-1,-1,-1
197,61,584,247,41,102,1,-1,-1,-1
198,15,234,190,32,83,1,-1,-1,-1
198,54,94,149,30,65,1,-1,-1,-1
198,58,690,239,41,104,1,-1,-1,-1
198,59,679,100,32,50,1,-1,-1,-1
198,60,496,142,38,79,1,-1,-1,-1
198,61,587,251,40,106,1,-1,-1,-1
199,15,225,187,34,82,1,-1,-1,-1
199,54,89,155,30,63,1,-1,-1,-1
199,58,695,242,42,105,1,-1,-1,-1
199,59,680,99,36,53,1,-1,-1,-1
199,60,495,144,35,79,1,-1,-1,-1
199,61,595,255,42,110,1,-1,-1,-1
200,15,219,183,33,82,1,-1,-1,-1
200,54,85,156,31,65,1,-1,-1,-1
200,58,700,242,42,109,1,-1,-1,-1
200,59,680,100,36,54,1,-1,-1,-1
200,60,490,141,37,79,1,-1,-1,-1
200,61,605,257,37,100,1,-1,-1,-1
201,15,215,186,32,75,1,-1,-1,-1
201,54,79,154,31,65,1,-1,-1,-1
201,58,703,245,41,109,1,-1,-1,-1
201,59,681,100,38,58,1,-1,-1,-1
201,60,482,142,37,78,1,-1,-1,-1
201,61,610,264,37,101,1,-1,-1,-1
202,15,210,188,32,73,1,-1,-1,-1
202,54,72,150,31,68,1,-1,-1,-1
202,58,706,251,40,103,1,-1,-1,-1
202,59,682,100,39,60,1,-1,-1,-1
202,60,473,146,35,77,1,-1,-1,-1
202,61,619,266,41,109,1,-1,-1,-1
203,15,204,185,31,72,1,-1,-1,-1
203,54,63,148,31,67,1,-1,-1,-1
203,58,710,243,42,114,1,-1,-1,-1
203,59,678,97,42,61,1,-1,-1,-1
203,60,467,147,37,79,1,-1,-1,-1
203,61,627,267,44,113,1,-1,-1,-1
204,15,196,183,34,72,1,-1,-1,-1
204,54,61,151,26,61,1,-1,-1,-1
204,58,714,242,47,128,1,-1,-1,-1
204,59,676,95,44,61,1,-1,-1,-1
204,60,466,141,37,83,1,-1,-1,-1
204,61,632,270,42,112,1,-1,-1,-1
205,15,188,182,34,77,1,-1,-1,-1
205,54,55,148,27,61,1,-1,-1,-1
205,58,717,250,46,127,1,-1,-1,-1
205,59,673,99,43,55,1,-1,-1,-1
205,60,458,144,35,82,1,-1,-1,-1
205,61,636,275,50,122,1,-1,-1,-1
206,15,182,181,34,74,1,-1,-1,-1
206,54,45,147,30,62,1,-1,-1,-1
206,58,723,255,43,121,1,-1,-1,-1
206,59,669,101,41,54,1,-1,-1,-1
206,60,451,149,37,80,1,-1,-1,-1
206,61,638,279,52,126,1,-1,-1,-1
207,15,179,180,33,70,1,-1,-1,-1
207,54,46,149,30,62,1,-1,-1,-1
207,58,728,261,40,116,1,-1,-1,-1
207,59,667,106,37,49,1,-1,-1,-1
207,60,446,148,37,80,1,-1,-1,-1
207,61,648,286,48,117,1,-1,-1,-1
208,15,169,182,37,75,1,-1,-1,-1
208,54,39,149,33,67,1,-1,-1,-1
208,58,731,266,37,111,1,-1,-1,-1
208,59,661,105,32,48,1,-1,-1,-1
208,60,436,144,37,83,1,-1,-1,-1
208,61,650,290,44,111,1,-1,-1,-1
209,15,160,183,38,77,1,-1,-1,-1
209,54,35,147,32,67,1,-1,-1,-1
209,58,738,273,31,100,1,-1,-1,-1
209,59,659,105,30,48,1,-1,-1,-1
209,60,429,142,37,84,1,-1,-1,-1
209,61,654,291,43,111,1,-1,-1,-1
210,15,157,184,39,82,1,-1,-1,-1
210,54,30,142,34,72,1,-1,-1,-1
210,59,662,103,28,49,1,-1,-1,-1
210,60,425,141,36,84,1,-1,-1,-1
210,61,654,290,44,114,1,-1,-1,-1
211,15,150,180,37,77,1,-1,-1,-1
211,54,24,142,33,69,1,-1,-1,-1
211,59,662,102,32,52,1,-1,-1,-1
211,61,655,289,47,121,1,-1,-1,-1
212,15,145,176,36,72,1,-1,-1,-1
212,54,21,141,32,69,1,-1,-1,-1
212,59,656,102,34,55,1,-1,-1,-1
212,61,650,290,47,120,1,-1,-1,-1
213,15,140,178,32,67,1,-1,-1,-1
213,54,18,146,31,63,1,-1,-1,-1
213,61,644,291,48,121,1,-1,-1,-1
214,15,132,179,35,71,1,-1,-1,-1
214,54,11,147,30,60,1,-1,-1,-1
214,61,635,287,50,122,1,-1,-1,-1
215,15,127,181,41,76,1,-1,-1,-1
215,54,5,142,32,63,1,-1,-1,-1
215,61,628,289,50,121,1,-1,-1,-1
216,15,120,186,36,70,1,-1,-1,-1
216,54,4,144,31,61,1,-1,-1,-1
216,59,664,104,36,54,1,-1,-1,-1
216,61,625,297,45,113,1,-1,-1,-1
217,15,114,188,32,67,1,-1,-1,-1
217,54,4,147,30,59,1,-1,-1,-1
217,59,666,105,37,55,1,-1,-1,-1
217,61,623,299,43,111,1,-1,-1,-1
218,15,111,186,30,67,1,-1,-1,-1
218,54,2,148,27,55,1,-1,-1,-1